637,-46,a+L1rnpDwHI4W7YrBZ/cyZwcruY=,sZuzHauwoiZ2XKAGefjxakiFdkY=
636,-33,a+L1rnpDwHI4W7YrBZ/cyZwcruY=,sZuzHauwoiZ2XKAGefjxakiFdkY=
638,-33,a+L1rnpDwHI4W7YrBZ/cyZwcruY=,sZuzHauwoiZ2XKAGefjxakiFdkY=
629,-33,a+L1rnpDwHI4W7YrBZ/cyZwcruY=,sZuzHauwoiZ2XKAGefjxakiFdkY=
637,-33,a+L1rnpDwHI4W7YrBZ/cyZwcruY=,sZuzHauwoiZ2XKAGefjxakiFdkY=
627,-48,a+L1rnpDwHI4W7YrBZ/cyZwcruY=,sZuzHauwoiZ2XKAGefjxakiFdkY=
633,-33,a+L1rnpDwHI4W7YrBZ/cyZwcruY=,sZuzHauwoiZ2XKAGefjxakiFdkY=
639,-33,a+L1rnpDwHI4W7YrBZ/cyZwcruY=,sZuzHauwoiZ2XKAGefjxakiFdkY=
635,-47,a+L1rnpDwHI4W7YrBZ/cyZwcruY=,sZuzHauwoiZ2XKAGefjxakiFdkY=
630,-33,DlBUwbZndoXsVy5jJSKNFwniwx4=,sZuzHauwoiZ2XKAGefjxakiFdkY=
632,-33,DlBUwbZndoXsVy5jJSKNFwniwx4=,sZuzHauwoiZ2XKAGefjxakiFdkY=
637,-47,DlBUwbZndoXsVy5jJSKNFwniwx4=,sZuzHauwoiZ2XKAGefjxakiFdkY=
634,-33,DlBUwbZndoXsVy5jJSKNFwniwx4=,sZuzHauwoiZ2XKAGefjxakiFdkY=
631,-33,DlBUwbZndoXsVy5jJSKNFwniwx4=,sZuzHauwoiZ2XKAGefjxakiFdkY=
625,-33,DlBUwbZndoXsVy5jJSKNFwniwx4=,sZuzHauwoiZ2XKAGefjxakiFdkY=
624,-33,DlBUwbZndoXsVy5jJSKNFwniwx4=,sZuzHauwoiZ2XKAGefjxakiFdkY=
633,-47,DlBUwbZndoXsVy5jJSKNFwniwx4=,sZuzHauwoiZ2XKAGefjxakiFdkY=
625,-47,DlBUwbZndoXsVy5jJSKNFwniwx4=,sZuzHauwoiZ2XKAGefjxakiFdkY=
632,-47,DlBUwbZndoXsVy5jJSKNFwniwx4=,sZuzHauwoiZ2XKAGefjxakiFdkY=
627,-33,DlBUwbZndoXsVy5jJSKNFwniwx4=,sZuzHauwoiZ2XKAGefjxakiFdkY=
628,-33,DlBUwbZndoXsVy5jJSKNFwniwx4=,sZuzHauwoiZ2XKAGefjxakiFdkY=
626,-33,DlBUwbZndoXsVy5jJSKNFwniwx4=,sZuzHauwoiZ2XKAGefjxakiFdkY=
635,-33,DlBUwbZndoXsVy5jJSKNFwniwx4=,sZuzHauwoiZ2XKAGefjxakiFdkY=
634,-47,DlBUwbZndoXsVy5jJSKNFwniwx4=,sZuzHauwoiZ2XKAGefjxakiFdkY=
639,-47,DlBUwbZndoXsVy5jJSKNFwniwx4=,sZuzHauwoiZ2XKAGefjxakiFdkY=
630,-47,DlBUwbZndoXsVy5jJSKNFwniwx4=,sZuzHauwoiZ2XKAGefjxakiFdkY=
636,-47,DlBUwbZndoXsVy5jJSKNFwniwx4=,sZuzHauwoiZ2XKAGefjxakiFdkY=
638,-47,DlBUwbZndoXsVy5jJSKNFwniwx4=,sZuzHauwoiZ2XKAGefjxakiFdkY=
631,-47,DlBUwbZndoXsVy5jJSKNFwniwx4=,sZuzHauwoiZ2XKAGefjxakiFdkY=
639,-34,DlBUwbZndoXsVy5jJSKNFwniwx4=,sZuzHauwoiZ2XKAGefjxakiFdkY=
629,-47,DlBUwbZndoXsVy5jJSKNFwniwx4=,sZuzHauwoiZ2XKAGefjxakiFdkY=
627,-47,DlBUwbZndoXsVy5jJSKNFwniwx4=,sZuzHauwoiZ2XKAGefjxakiFdkY=
633,-34,DlBUwbZndoXsVy5jJSKNFwniwx4=,sZuzHauwoiZ2XKAGefjxakiFdkY=
638,-46,DlBUwbZndoXsVy5jJSKNFwniwx4=,sZuzHauwoiZ2XKAGefjxakiFdkY=
626,-47,DlBUwbZndoXsVy5jJSKNFwniwx4=,sZuzHauwoiZ2XKAGefjxakiFdkY=
626,-48,DlBUwbZndoXsVy5jJSKNFwniwx4=,sZuzHauwoiZ2XKAGefjxakiFdkY=
635,-34,DlBUwbZndoXsVy5jJSKNFwniwx4=,sZuzHauwoiZ2XKAGefjxakiFdkY=
636,-46,DlBUwbZndoXsVy5jJSKNFwniwx4=,sZuzHauwoiZ2XKAGefjxakiFdkY=
638,-34,DlBUwbZndoXsVy5jJSKNFwniwx4=,sZuzHauwoiZ2XKAGefjxakiFdkY=
626,-34,DlBUwbZndoXsVy5jJSKNFwniwx4=,sZuzHauwoiZ2XKAGefjxakiFdkY=
638,-35,DlBUwbZndoXsVy5jJSKNFwniwx4=,sZuzHauwoiZ2XKAGefjxakiFdkY=
625,-34,DlBUwbZndoXsVy5jJSKNFwniwx4=,sZuzHauwoiZ2XKAGefjxakiFdkY=
624,-34,DlBUwbZndoXsVy5jJSKNFwniwx4=,sZuzHauwoiZ2XKAGefjxakiFdkY=
632,-34,DlBUwbZndoXsVy5jJSKNFwniwx4=,sZuzHauwoiZ2XKAGefjxakiFdkY=
631,-34,DlBUwbZndoXsVy5jJSKNFwniwx4=,sZuzHauwoiZ2XKAGefjxakiFdkY=
624,-47,DlBUwbZndoXsVy5jJSKNFwniwx4=,sZuzHauwoiZ2XKAGefjxakiFdkY=
627,-34,DlBUwbZndoXsVy5jJSKNFwniwx4=,sZuzHauwoiZ2XKAGefjxakiFdkY=
625,-45,DlBUwbZndoXsVy5jJSKNFwniwx4=,sZuzHauwoiZ2XKAGefjxakiFdkY=
628,-34,DlBUwbZndoXsVy5jJSKNFwniwx4=,sZuzHauwoiZ2XKAGefjxakiFdkY=
626,-45,DlBUwbZndoXsVy5jJSKNFwniwx4=,sZuzHauwoiZ2XKAGefjxakiFdkY=
639,-48,DlBUwbZndoXsVy5jJSKNFwniwx4=,sZuzHauwoiZ2XKAGefjxakiFdkY=
639,-46,DlBUwbZndoXsVy5jJSKNFwniwx4=,sZuzHauwoiZ2XKAGefjxakiFdkY=
624,-45,DlBUwbZndoXsVy5jJSKNFwniwx4=,sZuzHauwoiZ2XKAGefjxakiFdkY=
628,-45,DlBUwbZndoXsVy5jJSKNFwniwx4=,sZuzHauwoiZ2XKAGefjxakiFdkY=
624,-46,DlBUwbZndoXsVy5jJSKNFwniwx4=,sZuzHauwoiZ2XKAGefjxakiFdkY=
628,-48,DlBUwbZndoXsVy5jJSKNFwniwx4=,sZuzHauwoiZ2XKAGefjxakiFdkY=
629,-45,DlBUwbZndoXsVy5jJSKNFwniwx4=,sZuzHauwoiZ2XKAGefjxakiFdkY=
627,-45,DlBUwbZndoXsVy5jJSKNFwniwx4=,sZuzHauwoiZ2XKAGefjxakiFdkY=
630,-45,DlBUwbZndoXsVy5jJSKNFwniwx4=,sZuzHauwoiZ2XKAGefjxakiFdkY=
634,-45,DlBUwbZndoXsVy5jJSKNFwniwx4=,sZuzHauwoiZ2XKAGefjxakiFdkY=
635,-45,DlBUwbZndoXsVy5jJSKNFwniwx4=,sZuzHauwoiZ2XKAGefjxakiFdkY=
631,-45,DlBUwbZndoXsVy5jJSKNFwniwx4=,sZuzHauwoiZ2XKAGefjxakiFdkY=
636,-45,DlBUwbZndoXsVy5jJSKNFwniwx4=,sZuzHauwoiZ2XKAGefjxakiFdkY=
638,-45,DlBUwbZndoXsVy5jJSKNFwniwx4=,sZuzHauwoiZ2XKAGefjxakiFdkY=
632,-45,DlBUwbZndoXsVy5jJSKNFwniwx4=,sZuzHauwoiZ2XKAGefjxakiFdkY=
637,-45,DlBUwbZndoXsVy5jJSKNFwniwx4=,sZuzHauwoiZ2XKAGefjxakiFdkY=
633,-45,DlBUwbZndoXsVy5jJSKNFwniwx4=,sZuzHauwoiZ2XKAGefjxakiFdkY=
624,-44,DlBUwbZndoXsVy5jJSKNFwniwx4=,sZuzHauwoiZ2XKAGefjxakiFdkY=
639,-45,DlBUwbZndoXsVy5jJSKNFwniwx4=,sZuzHauwoiZ2XKAGefjxakiFdkY=
625,-44,DlBUwbZndoXsVy5jJSKNFwniwx4=,sZuzHauwoiZ2XKAGefjxakiFdkY=
625,-46,DlBUwbZndoXsVy5jJSKNFwniwx4=,sZuzHauwoiZ2XKAGefjxakiFdkY=
627,-44,DlBUwbZndoXsVy5jJSKNFwniwx4=,sZuzHauwoiZ2XKAGefjxakiFdkY=
626,-46,DlBUwbZndoXsVy5jJSKNFwniwx4=,sZuzHauwoiZ2XKAGefjxakiFdkY=
628,-44,DlBUwbZndoXsVy5jJSKNFwniwx4=,sZuzHauwoiZ2XKAGefjxakiFdkY=
629,-48,DlBUwbZndoXsVy5jJSKNFwniwx4=,sZuzHauwoiZ2XKAGefjxakiFdkY=
632,-44,DlBUwbZndoXsVy5jJSKNFwniwx4=,sZuzHauwoiZ2XKAGefjxakiFdkY=
626,-44,DlBUwbZndoXsVy5jJSKNFwniwx4=,sZuzHauwoiZ2XKAGefjxakiFdkY=
633,-44,DlBUwbZndoXsVy5jJSKNFwniwx4=,sZuzHauwoiZ2XKAGefjxakiFdkY=
629,-44,DlBUwbZndoXsVy5jJSKNFwniwx4=,sZuzHauwoiZ2XKAGefjxakiFdkY=
624,-48,DlBUwbZndoXsVy5jJSKNFwniwx4=,sZuzHauwoiZ2XKAGefjxakiFdkY=
630,-44,DlBUwbZndoXsVy5jJSKNFwniwx4=,sZuzHauwoiZ2XKAGefjxakiFdkY=
635,-44,DlBUwbZndoXsVy5jJSKNFwniwx4=,sZuzHauwoiZ2XKAGefjxakiFdkY=
634,-44,DlBUwbZndoXsVy5jJSKNFwniwx4=,sZuzHauwoiZ2XKAGefjxakiFdkY=
630,-48,DlBUwbZndoXsVy5jJSKNFwniwx4=,sZuzHauwoiZ2XKAGefjxakiFdkY=
631,-44,DlBUwbZndoXsVy5jJSKNFwniwx4=,sZuzHauwoiZ2XKAGefjxakiFdkY=
638,-44,DlBUwbZndoXsVy5jJSKNFwniwx4=,sZuzHauwoiZ2XKAGefjxakiFdkY=
636,-44,DlBUwbZndoXsVy5jJSKNFwniwx4=,sZuzHauwoiZ2XKAGefjxakiFdkY=
639,-44,DlBUwbZndoXsVy5jJSKNFwniwx4=,sZuzHauwoiZ2XKAGefjxakiFdkY=
625,-43,DlBUwbZndoXsVy5jJSKNFwniwx4=,sZuzHauwoiZ2XKAGefjxakiFdkY=
637,-44,DlBUwbZndoXsVy5jJSKNFwniwx4=,sZuzHauwoiZ2XKAGefjxakiFdkY=
627,-43,DlBUwbZndoXsVy5jJSKNFwniwx4=,sZuzHauwoiZ2XKAGefjxakiFdkY=
624,-43,DlBUwbZndoXsVy5jJSKNFwniwx4=,sZuzHauwoiZ2XKAGefjxakiFdkY=
631,-43,DlBUwbZndoXsVy5jJSKNFwniwx4=,sZuzHauwoiZ2XKAGefjxakiFdkY=
627,-46,DlBUwbZndoXsVy5jJSKNFwniwx4=,sZuzHauwoiZ2XKAGefjxakiFdkY=
629,-43,DlBUwbZndoXsVy5jJSKNFwniwx4=,sZuzHauwoiZ2XKAGefjxakiFdkY=
626,-43,DlBUwbZndoXsVy5jJSKNFwniwx4=,sZuzHauwoiZ2XKAGefjxakiFdkY=
630,-43,DlBUwbZndoXsVy5jJSKNFwniwx4=,sZuzHauwoiZ2XKAGefjxakiFdkY=
628,-43,DlBUwbZndoXsVy5jJSKNFwniwx4=,sZuzHauwoiZ2XKAGefjxakiFdkY=
633,-43,DlBUwbZndoXsVy5jJSKNFwniwx4=,sZuzHauwoiZ2XKAGefjxakiFdkY=
636,-43,DlBUwbZndoXsVy5jJSKNFwniwx4=,sZuzHauwoiZ2XKAGefjxakiFdkY=
631,-48,DlBUwbZndoXsVy5jJSKNFwniwx4=,sZuzHauwoiZ2XKAGefjxakiFdkY=
634,-43,DlBUwbZndoXsVy5jJSKNFwniwx4=,sZuzHauwoiZ2XKAGefjxakiFdkY=
632,-43,DlBUwbZndoXsVy5jJSKNFwniwx4=,sZuzHauwoiZ2XKAGefjxakiFdkY=
635,-43,DlBUwbZndoXsVy5jJSKNFwniwx4=,sZuzHauwoiZ2XKAGefjxakiFdkY=
639,-43,DlBUwbZndoXsVy5jJSKNFwniwx4=,sZuzHauwoiZ2XKAGefjxakiFdkY=
624,-42,DlBUwbZndoXsVy5jJSKNFwniwx4=,sZuzHauwoiZ2XKAGefjxakiFdkY=
638,-43,DlBUwbZndoXsVy5jJSKNFwniwx4=,sZuzHauwoiZ2XKAGefjxakiFdkY=
637,-43,DlBUwbZndoXsVy5jJSKNFwniwx4=,sZuzHauwoiZ2XKAGefjxakiFdkY=
627,-42,DlBUwbZndoXsVy5jJSKNFwniwx4=,sZuzHauwoiZ2XKAGefjxakiFdkY=
628,-42,DlBUwbZndoXsVy5jJSKNFwniwx4=,sZuzHauwoiZ2XKAGefjxakiFdkY=
629,-42,DlBUwbZndoXsVy5jJSKNFwniwx4=,sZuzHauwoiZ2XKAGefjxakiFdkY=
630,-42,DlBUwbZndoXsVy5jJSKNFwniwx4=,sZuzHauwoiZ2XKAGefjxakiFdkY=
632,-48,DlBUwbZndoXsVy5jJSKNFwniwx4=,sZuzHauwoiZ2XKAGefjxakiFdkY=
626,-42,DlBUwbZndoXsVy5jJSKNFwniwx4=,sZuzHauwoiZ2XKAGefjxakiFdkY=
628,-46,DlBUwbZndoXsVy5jJSKNFwniwx4=,sZuzHauwoiZ2XKAGefjxakiFdkY=
625,-42,DlBUwbZndoXsVy5jJSKNFwniwx4=,sZuzHauwoiZ2XKAGefjxakiFdkY=
631,-42,DlBUwbZndoXsVy5jJSKNFwniwx4=,sZuzHauwoiZ2XKAGefjxakiFdkY=
632,-42,DlBUwbZndoXsVy5jJSKNFwniwx4=,sZuzHauwoiZ2XKAGefjxakiFdkY=
637,-42,DlBUwbZndoXsVy5jJSKNFwniwx4=,sZuzHauwoiZ2XKAGefjxakiFdkY=
636,-42,DlBUwbZndoXsVy5jJSKNFwniwx4=,sZuzHauwoiZ2XKAGefjxakiFdkY=
634,-42,DlBUwbZndoXsVy5jJSKNFwniwx4=,sZuzHauwoiZ2XKAGefjxakiFdkY=
633,-42,DlBUwbZndoXsVy5jJSKNFwniwx4=,sZuzHauwoiZ2XKAGefjxakiFdkY=
635,-42,DlBUwbZndoXsVy5jJSKNFwniwx4=,sZuzHauwoiZ2XKAGefjxakiFdkY=
625,-41,DlBUwbZndoXsVy5jJSKNFwniwx4=,sZuzHauwoiZ2XKAGefjxakiFdkY=
624,-41,DlBUwbZndoXsVy5jJSKNFwniwx4=,sZuzHauwoiZ2XKAGefjxakiFdkY=
627,-41,DlBUwbZndoXsVy5jJSKNFwniwx4=,sZuzHauwoiZ2XKAGefjxakiFdkY=
638,-42,DlBUwbZndoXsVy5jJSKNFwniwx4=,sZuzHauwoiZ2XKAGefjxakiFdkY=
639,-42,DlBUwbZndoXsVy5jJSKNFwniwx4=,sZuzHauwoiZ2XKAGefjxakiFdkY=
626,-41,DlBUwbZndoXsVy5jJSKNFwniwx4=,sZuzHauwoiZ2XKAGefjxakiFdkY=
630,-41,DlBUwbZndoXsVy5jJSKNFwniwx4=,sZuzHauwoiZ2XKAGefjxakiFdkY=
628,-41,DlBUwbZndoXsVy5jJSKNFwniwx4=,sZuzHauwoiZ2XKAGefjxakiFdkY=
631,-41,DlBUwbZndoXsVy5jJSKNFwniwx4=,sZuzHauwoiZ2XKAGefjxakiFdkY=
629,-41,DlBUwbZndoXsVy5jJSKNFwniwx4=,sZuzHauwoiZ2XKAGefjxakiFdkY=
629,-46,DlBUwbZndoXsVy5jJSKNFwniwx4=,sZuzHauwoiZ2XKAGefjxakiFdkY=
632,-41,DlBUwbZndoXsVy5jJSKNFwniwx4=,sZuzHauwoiZ2XKAGefjxakiFdkY=
633,-48,DlBUwbZndoXsVy5jJSKNFwniwx4=,sZuzHauwoiZ2XKAGefjxakiFdkY=
635,-41,DlBUwbZndoXsVy5jJSKNFwniwx4=,sZuzHauwoiZ2XKAGefjxakiFdkY=
636,-41,DlBUwbZndoXsVy5jJSKNFwniwx4=,sZuzHauwoiZ2XKAGefjxakiFdkY=
637,-41,DlBUwbZndoXsVy5jJSKNFwniwx4=,sZuzHauwoiZ2XKAGefjxakiFdkY=
633,-41,DlBUwbZndoXsVy5jJSKNFwniwx4=,sZuzHauwoiZ2XKAGefjxakiFdkY=
634,-41,DlBUwbZndoXsVy5jJSKNFwniwx4=,sZuzHauwoiZ2XKAGefjxakiFdkY=
638,-41,DlBUwbZndoXsVy5jJSKNFwniwx4=,sZuzHauwoiZ2XKAGefjxakiFdkY=
639,-41,DlBUwbZndoXsVy5jJSKNFwniwx4=,sZuzHauwoiZ2XKAGefjxakiFdkY=
625,-40,DlBUwbZndoXsVy5jJSKNFwniwx4=,sZuzHauwoiZ2XKAGefjxakiFdkY=
628,-40,DlBUwbZndoXsVy5jJSKNFwniwx4=,sZuzHauwoiZ2XKAGefjxakiFdkY=
626,-40,DlBUwbZndoXsVy5jJSKNFwniwx4=,sZuzHauwoiZ2XKAGefjxakiFdkY=
629,-40,DlBUwbZndoXsVy5jJSKNFwniwx4=,sZuzHauwoiZ2XKAGefjxakiFdkY=
624,-40,DlBUwbZndoXsVy5jJSKNFwniwx4=,sZuzHauwoiZ2XKAGefjxakiFdkY=
627,-40,DlBUwbZndoXsVy5jJSKNFwniwx4=,sZuzHauwoiZ2XKAGefjxakiFdkY=
630,-40,DlBUwbZndoXsVy5jJSKNFwniwx4=,sZuzHauwoiZ2XKAGefjxakiFdkY=
631,-40,DlBUwbZndoXsVy5jJSKNFwniwx4=,sZuzHauwoiZ2XKAGefjxakiFdkY=
633,-40,DlBUwbZndoXsVy5jJSKNFwniwx4=,sZuzHauwoiZ2XKAGefjxakiFdkY=
634,-48,DlBUwbZndoXsVy5jJSKNFwniwx4=,sZuzHauwoiZ2XKAGefjxakiFdkY=
634,-40,DlBUwbZndoXsVy5jJSKNFwniwx4=,sZuzHauwoiZ2XKAGefjxakiFdkY=
635,-40,DlBUwbZndoXsVy5jJSKNFwniwx4=,sZuzHauwoiZ2XKAGefjxakiFdkY=
632,-40,DlBUwbZndoXsVy5jJSKNFwniwx4=,sZuzHauwoiZ2XKAGefjxakiFdkY=
636,-40,DlBUwbZndoXsVy5jJSKNFwniwx4=,sZuzHauwoiZ2XKAGefjxakiFdkY=
637,-40,DlBUwbZndoXsVy5jJSKNFwniwx4=,sZuzHauwoiZ2XKAGefjxakiFdkY=
638,-40,DlBUwbZndoXsVy5jJSKNFwniwx4=,sZuzHauwoiZ2XKAGefjxakiFdkY=
624,-39,DlBUwbZndoXsVy5jJSKNFwniwx4=,sZuzHauwoiZ2XKAGefjxakiFdkY=
639,-40,DlBUwbZndoXsVy5jJSKNFwniwx4=,sZuzHauwoiZ2XKAGefjxakiFdkY=
630,-46,DlBUwbZndoXsVy5jJSKNFwniwx4=,sZuzHauwoiZ2XKAGefjxakiFdkY=
626,-39,DlBUwbZndoXsVy5jJSKNFwniwx4=,sZuzHauwoiZ2XKAGefjxakiFdkY=
625,-39,DlBUwbZndoXsVy5jJSKNFwniwx4=,sZuzHauwoiZ2XKAGefjxakiFdkY=
628,-39,DlBUwbZndoXsVy5jJSKNFwniwx4=,sZuzHauwoiZ2XKAGefjxakiFdkY=
630,-39,DlBUwbZndoXsVy5jJSKNFwniwx4=,sZuzHauwoiZ2XKAGefjxakiFdkY=
629,-39,DlBUwbZndoXsVy5jJSKNFwniwx4=,sZuzHauwoiZ2XKAGefjxakiFdkY=
631,-39,DlBUwbZndoXsVy5jJSKNFwniwx4=,sZuzHauwoiZ2XKAGefjxakiFdkY=
632,-39,DlBUwbZndoXsVy5jJSKNFwniwx4=,sZuzHauwoiZ2XKAGefjxakiFdkY=
631,-46,DlBUwbZndoXsVy5jJSKNFwniwx4=,sZuzHauwoiZ2XKAGefjxakiFdkY=
635,-48,DlBUwbZndoXsVy5jJSKNFwniwx4=,sZuzHauwoiZ2XKAGefjxakiFdkY=
633,-39,DlBUwbZndoXsVy5jJSKNFwniwx4=,sZuzHauwoiZ2XKAGefjxakiFdkY=
635,-39,DlBUwbZndoXsVy5jJSKNFwniwx4=,sZuzHauwoiZ2XKAGefjxakiFdkY=
636,-39,DlBUwbZndoXsVy5jJSKNFwniwx4=,sZuzHauwoiZ2XKAGefjxakiFdkY=
634,-39,DlBUwbZndoXsVy5jJSKNFwniwx4=,sZuzHauwoiZ2XKAGefjxakiFdkY=
638,-39,DlBUwbZndoXsVy5jJSKNFwniwx4=,sZuzHauwoiZ2XKAGefjxakiFdkY=
637,-39,DlBUwbZndoXsVy5jJSKNFwniwx4=,sZuzHauwoiZ2XKAGefjxakiFdkY=
639,-39,DlBUwbZndoXsVy5jJSKNFwniwx4=,sZuzHauwoiZ2XKAGefjxakiFdkY=
627,-39,DlBUwbZndoXsVy5jJSKNFwniwx4=,sZuzHauwoiZ2XKAGefjxakiFdkY=
624,-38,DlBUwbZndoXsVy5jJSKNFwniwx4=,sZuzHauwoiZ2XKAGefjxakiFdkY=
625,-38,DlBUwbZndoXsVy5jJSKNFwniwx4=,sZuzHauwoiZ2XKAGefjxakiFdkY=
626,-38,DlBUwbZndoXsVy5jJSKNFwniwx4=,sZuzHauwoiZ2XKAGefjxakiFdkY=
628,-38,DlBUwbZndoXsVy5jJSKNFwniwx4=,sZuzHauwoiZ2XKAGefjxakiFdkY=
627,-38,DlBUwbZndoXsVy5jJSKNFwniwx4=,sZuzHauwoiZ2XKAGefjxakiFdkY=
630,-38,DlBUwbZndoXsVy5jJSKNFwniwx4=,sZuzHauwoiZ2XKAGefjxakiFdkY=
632,-38,DlBUwbZndoXsVy5jJSKNFwniwx4=,sZuzHauwoiZ2XKAGefjxakiFdkY=
631,-38,DlBUwbZndoXsVy5jJSKNFwniwx4=,sZuzHauwoiZ2XKAGefjxakiFdkY=
633,-38,DlBUwbZndoXsVy5jJSKNFwniwx4=,sZuzHauwoiZ2XKAGefjxakiFdkY=
629,-38,DlBUwbZndoXsVy5jJSKNFwniwx4=,sZuzHauwoiZ2XKAGefjxakiFdkY=
632,-46,DlBUwbZndoXsVy5jJSKNFwniwx4=,sZuzHauwoiZ2XKAGefjxakiFdkY=
636,-48,DlBUwbZndoXsVy5jJSKNFwniwx4=,sZuzHauwoiZ2XKAGefjxakiFdkY=
636,-38,DlBUwbZndoXsVy5jJSKNFwniwx4=,sZuzHauwoiZ2XKAGefjxakiFdkY=
634,-38,DlBUwbZndoXsVy5jJSKNFwniwx4=,sZuzHauwoiZ2XKAGefjxakiFdkY=
637,-38,DlBUwbZndoXsVy5jJSKNFwniwx4=,sZuzHauwoiZ2XKAGefjxakiFdkY=
638,-38,DlBUwbZndoXsVy5jJSKNFwniwx4=,sZuzHauwoiZ2XKAGefjxakiFdkY=
635,-38,DlBUwbZndoXsVy5jJSKNFwniwx4=,sZuzHauwoiZ2XKAGefjxakiFdkY=
625,-37,DlBUwbZndoXsVy5jJSKNFwniwx4=,sZuzHauwoiZ2XKAGefjxakiFdkY=
639,-38,DlBUwbZndoXsVy5jJSKNFwniwx4=,sZuzHauwoiZ2XKAGefjxakiFdkY=
629,-37,DlBUwbZndoXsVy5jJSKNFwniwx4=,sZuzHauwoiZ2XKAGefjxakiFdkY=
627,-37,DlBUwbZndoXsVy5jJSKNFwniwx4=,sZuzHauwoiZ2XKAGefjxakiFdkY=
624,-37,DlBUwbZndoXsVy5jJSKNFwniwx4=,sZuzHauwoiZ2XKAGefjxakiFdkY=
628,-37,DlBUwbZndoXsVy5jJSKNFwniwx4=,sZuzHauwoiZ2XKAGefjxakiFdkY=
630,-37,DlBUwbZndoXsVy5jJSKNFwniwx4=,sZuzHauwoiZ2XKAGefjxakiFdkY=
626,-37,DlBUwbZndoXsVy5jJSKNFwniwx4=,sZuzHauwoiZ2XKAGefjxakiFdkY=
634,-37,DlBUwbZndoXsVy5jJSKNFwniwx4=,sZuzHauwoiZ2XKAGefjxakiFdkY=
633,-37,DlBUwbZndoXsVy5jJSKNFwniwx4=,sZuzHauwoiZ2XKAGefjxakiFdkY=
633,-46,DlBUwbZndoXsVy5jJSKNFwniwx4=,sZuzHauwoiZ2XKAGefjxakiFdkY=
631,-37,DlBUwbZndoXsVy5jJSKNFwniwx4=,sZuzHauwoiZ2XKAGefjxakiFdkY=
635,-37,DlBUwbZndoXsVy5jJSKNFwniwx4=,sZuzHauwoiZ2XKAGefjxakiFdkY=
632,-37,DlBUwbZndoXsVy5jJSKNFwniwx4=,sZuzHauwoiZ2XKAGefjxakiFdkY=
636,-37,DlBUwbZndoXsVy5jJSKNFwniwx4=,sZuzHauwoiZ2XKAGefjxakiFdkY=
637,-48,DlBUwbZndoXsVy5jJSKNFwniwx4=,sZuzHauwoiZ2XKAGefjxakiFdkY=
624,-36,DlBUwbZndoXsVy5jJSKNFwniwx4=,sZuzHauwoiZ2XKAGefjxakiFdkY=
639,-37,DlBUwbZndoXsVy5jJSKNFwniwx4=,sZuzHauwoiZ2XKAGefjxakiFdkY=
625,-36,DlBUwbZndoXsVy5jJSKNFwniwx4=,sZuzHauwoiZ2XKAGefjxakiFdkY=
638,-37,DlBUwbZndoXsVy5jJSKNFwniwx4=,sZuzHauwoiZ2XKAGefjxakiFdkY=
637,-37,DlBUwbZndoXsVy5jJSKNFwniwx4=,sZuzHauwoiZ2XKAGefjxakiFdkY=
628,-36,DlBUwbZndoXsVy5jJSKNFwniwx4=,sZuzHauwoiZ2XKAGefjxakiFdkY=
627,-36,DlBUwbZndoXsVy5jJSKNFwniwx4=,sZuzHauwoiZ2XKAGefjxakiFdkY=
626,-36,DlBUwbZndoXsVy5jJSKNFwniwx4=,sZuzHauwoiZ2XKAGefjxakiFdkY=
633,-36,DlBUwbZndoXsVy5jJSKNFwniwx4=,sZuzHauwoiZ2XKAGefjxakiFdkY=
631,-36,DlBUwbZndoXsVy5jJSKNFwniwx4=,sZuzHauwoiZ2XKAGefjxakiFdkY=
638,-48,DlBUwbZndoXsVy5jJSKNFwniwx4=,sZuzHauwoiZ2XKAGefjxakiFdkY=
629,-36,DlBUwbZndoXsVy5jJSKNFwniwx4=,sZuzHauwoiZ2XKAGefjxakiFdkY=
634,-36,DlBUwbZndoXsVy5jJSKNFwniwx4=,sZuzHauwoiZ2XKAGefjxakiFdkY=
632,-36,DlBUwbZndoXsVy5jJSKNFwniwx4=,sZuzHauwoiZ2XKAGefjxakiFdkY=
630,-36,DlBUwbZndoXsVy5jJSKNFwniwx4=,sZuzHauwoiZ2XKAGefjxakiFdkY=
637,-36,DlBUwbZndoXsVy5jJSKNFwniwx4=,sZuzHauwoiZ2XKAGefjxakiFdkY=
636,-36,DlBUwbZndoXsVy5jJSKNFwniwx4=,sZuzHauwoiZ2XKAGefjxakiFdkY=
625,-48,DlBUwbZndoXsVy5jJSKNFwniwx4=,sZuzHauwoiZ2XKAGefjxakiFdkY=
634,-46,DlBUwbZndoXsVy5jJSKNFwniwx4=,sZuzHauwoiZ2XKAGefjxakiFdkY=
625,-35,DlBUwbZndoXsVy5jJSKNFwniwx4=,sZuzHauwoiZ2XKAGefjxakiFdkY=
635,-36,DlBUwbZndoXsVy5jJSKNFwniwx4=,sZuzHauwoiZ2XKAGefjxakiFdkY=
638,-36,DlBUwbZndoXsVy5jJSKNFwniwx4=,sZuzHauwoiZ2XKAGefjxakiFdkY=
634,-34,DlBUwbZndoXsVy5jJSKNFwniwx4=,sZuzHauwoiZ2XKAGefjxakiFdkY=
637,-34,DlBUwbZndoXsVy5jJSKNFwniwx4=,sZuzHauwoiZ2XKAGefjxakiFdkY=
636,-34,DlBUwbZndoXsVy5jJSKNFwniwx4=,sZuzHauwoiZ2XKAGefjxakiFdkY=
639,-36,DlBUwbZndoXsVy5jJSKNFwniwx4=,sZuzHauwoiZ2XKAGefjxakiFdkY=
624,-35,DlBUwbZndoXsVy5jJSKNFwniwx4=,sZuzHauwoiZ2XKAGefjxakiFdkY=
628,-47,DlBUwbZndoXsVy5jJSKNFwniwx4=,sZuzHauwoiZ2XKAGefjxakiFdkY=
626,-35,DlBUwbZndoXsVy5jJSKNFwniwx4=,sZuzHauwoiZ2XKAGefjxakiFdkY=
629,-35,DlBUwbZndoXsVy5jJSKNFwniwx4=,sZuzHauwoiZ2XKAGefjxakiFdkY=
627,-35,DlBUwbZndoXsVy5jJSKNFwniwx4=,sZuzHauwoiZ2XKAGefjxakiFdkY=
639,-35,DlBUwbZndoXsVy5jJSKNFwniwx4=,sZuzHauwoiZ2XKAGefjxakiFdkY=
628,-35,DlBUwbZndoXsVy5jJSKNFwniwx4=,sZuzHauwoiZ2XKAGefjxakiFdkY=
632,-35,DlBUwbZndoXsVy5jJSKNFwniwx4=,sZuzHauwoiZ2XKAGefjxakiFdkY=
630,-34,DlBUwbZndoXsVy5jJSKNFwniwx4=,sZuzHauwoiZ2XKAGefjxakiFdkY=
629,-34,DlBUwbZndoXsVy5jJSKNFwniwx4=,sZuzHauwoiZ2XKAGefjxakiFdkY=
633,-35,DlBUwbZndoXsVy5jJSKNFwniwx4=,sZuzHauwoiZ2XKAGefjxakiFdkY=
630,-35,DlBUwbZndoXsVy5jJSKNFwniwx4=,sZuzHauwoiZ2XKAGefjxakiFdkY=
631,-35,DlBUwbZndoXsVy5jJSKNFwniwx4=,sZuzHauwoiZ2XKAGefjxakiFdkY=
635,-46,DlBUwbZndoXsVy5jJSKNFwniwx4=,sZuzHauwoiZ2XKAGefjxakiFdkY=
635,-35,DlBUwbZndoXsVy5jJSKNFwniwx4=,sZuzHauwoiZ2XKAGefjxakiFdkY=
637,-35,DlBUwbZndoXsVy5jJSKNFwniwx4=,sZuzHauwoiZ2XKAGefjxakiFdkY=
634,-35,DlBUwbZndoXsVy5jJSKNFwniwx4=,sZuzHauwoiZ2XKAGefjxakiFdkY=
636,-35,DlBUwbZndoXsVy5jJSKNFwniwx4=,sZuzHauwoiZ2XKAGefjxakiFdkY=
623,-47,DlBUwbZndoXsVy5jJSKNFwniwx4=,/d/pqpIokQd1lQuiYBHz2wnJoKk=
620,-45,DlBUwbZndoXsVy5jJSKNFwniwx4=,/d/pqpIokQd1lQuiYBHz2wnJoKk=
619,-46,DlBUwbZndoXsVy5jJSKNFwniwx4=,/d/pqpIokQd1lQuiYBHz2wnJoKk=
623,-33,DlBUwbZndoXsVy5jJSKNFwniwx4=,/d/pqpIokQd1lQuiYBHz2wnJoKk=
615,-46,DlBUwbZndoXsVy5jJSKNFwniwx4=,/d/pqpIokQd1lQuiYBHz2wnJoKk=
613,-46,DlBUwbZndoXsVy5jJSKNFwniwx4=,/d/pqpIokQd1lQuiYBHz2wnJoKk=
620,-46,DlBUwbZndoXsVy5jJSKNFwniwx4=,/d/pqpIokQd1lQuiYBHz2wnJoKk=
611,-46,DlBUwbZndoXsVy5jJSKNFwniwx4=,/d/pqpIokQd1lQuiYBHz2wnJoKk=
614,-46,DlBUwbZndoXsVy5jJSKNFwniwx4=,/d/pqpIokQd1lQuiYBHz2wnJoKk=
621,-46,DlBUwbZndoXsVy5jJSKNFwniwx4=,/d/pqpIokQd1lQuiYBHz2wnJoKk=
617,-46,DlBUwbZndoXsVy5jJSKNFwniwx4=,/d/pqpIokQd1lQuiYBHz2wnJoKk=
616,-46,DlBUwbZndoXsVy5jJSKNFwniwx4=,/d/pqpIokQd1lQuiYBHz2wnJoKk=
612,-46,DlBUwbZndoXsVy5jJSKNFwniwx4=,/d/pqpIokQd1lQuiYBHz2wnJoKk=
618,-46,DlBUwbZndoXsVy5jJSKNFwniwx4=,/d/pqpIokQd1lQuiYBHz2wnJoKk=
611,-48,DlBUwbZndoXsVy5jJSKNFwniwx4=,/d/pqpIokQd1lQuiYBHz2wnJoKk=
609,-46,DlBUwbZndoXsVy5jJSKNFwniwx4=,/d/pqpIokQd1lQuiYBHz2wnJoKk=
610,-46,DlBUwbZndoXsVy5jJSKNFwniwx4=,/d/pqpIokQd1lQuiYBHz2wnJoKk=
622,-46,DlBUwbZndoXsVy5jJSKNFwniwx4=,/d/pqpIokQd1lQuiYBHz2wnJoKk=
608,-46,DlBUwbZndoXsVy5jJSKNFwniwx4=,/d/pqpIokQd1lQuiYBHz2wnJoKk=
622,-33,DlBUwbZndoXsVy5jJSKNFwniwx4=,/d/pqpIokQd1lQuiYBHz2wnJoKk=
617,-33,DlBUwbZndoXsVy5jJSKNFwniwx4=,/d/pqpIokQd1lQuiYBHz2wnJoKk=
620,-33,DlBUwbZndoXsVy5jJSKNFwniwx4=,/d/pqpIokQd1lQuiYBHz2wnJoKk=
619,-33,DlBUwbZndoXsVy5jJSKNFwniwx4=,/d/pqpIokQd1lQuiYBHz2wnJoKk=
613,-33,DlBUwbZndoXsVy5jJSKNFwniwx4=,/d/pqpIokQd1lQuiYBHz2wnJoKk=
621,-33,DlBUwbZndoXsVy5jJSKNFwniwx4=,/d/pqpIokQd1lQuiYBHz2wnJoKk=
619,-45,DlBUwbZndoXsVy5jJSKNFwniwx4=,/d/pqpIokQd1lQuiYBHz2wnJoKk=
616,-33,DlBUwbZndoXsVy5jJSKNFwniwx4=,/d/pqpIokQd1lQuiYBHz2wnJoKk=
614,-33,DlBUwbZndoXsVy5jJSKNFwniwx4=,/d/pqpIokQd1lQuiYBHz2wnJoKk=
618,-33,DlBUwbZndoXsVy5jJSKNFwniwx4=,/d/pqpIokQd1lQuiYBHz2wnJoKk=
611,-33,DlBUwbZndoXsVy5jJSKNFwniwx4=,/d/pqpIokQd1lQuiYBHz2wnJoKk=
610,-48,DlBUwbZndoXsVy5jJSKNFwniwx4=,/d/pqpIokQd1lQuiYBHz2wnJoKk=
615,-33,DlBUwbZndoXsVy5jJSKNFwniwx4=,/d/pqpIokQd1lQuiYBHz2wnJoKk=
612,-33,DlBUwbZndoXsVy5jJSKNFwniwx4=,/d/pqpIokQd1lQuiYBHz2wnJoKk=
612,-48,DlBUwbZndoXsVy5jJSKNFwniwx4=,/d/pqpIokQd1lQuiYBHz2wnJoKk=
610,-33,DlBUwbZndoXsVy5jJSKNFwniwx4=,/d/pqpIokQd1lQuiYBHz2wnJoKk=
609,-33,DlBUwbZndoXsVy5jJSKNFwniwx4=,/d/pqpIokQd1lQuiYBHz2wnJoKk=
618,-45,DlBUwbZndoXsVy5jJSKNFwniwx4=,/d/pqpIokQd1lQuiYBHz2wnJoKk=
622,-47,DlBUwbZndoXsVy5jJSKNFwniwx4=,/d/pqpIokQd1lQuiYBHz2wnJoKk=
622,-34,DlBUwbZndoXsVy5jJSKNFwniwx4=,/d/pqpIokQd1lQuiYBHz2wnJoKk=
623,-34,DlBUwbZndoXsVy5jJSKNFwniwx4=,/d/pqpIokQd1lQuiYBHz2wnJoKk=
621,-34,DlBUwbZndoXsVy5jJSKNFwniwx4=,/d/pqpIokQd1lQuiYBHz2wnJoKk=
608,-33,DlBUwbZndoXsVy5jJSKNFwniwx4=,/d/pqpIokQd1lQuiYBHz2wnJoKk=
620,-34,DlBUwbZndoXsVy5jJSKNFwniwx4=,/d/pqpIokQd1lQuiYBHz2wnJoKk=
619,-34,DlBUwbZndoXsVy5jJSKNFwniwx4=,/d/pqpIokQd1lQuiYBHz2wnJoKk=
616,-34,DlBUwbZndoXsVy5jJSKNFwniwx4=,/d/pqpIokQd1lQuiYBHz2wnJoKk=
617,-34,DlBUwbZndoXsVy5jJSKNFwniwx4=,/d/pqpIokQd1lQuiYBHz2wnJoKk=
618,-34,DlBUwbZndoXsVy5jJSKNFwniwx4=,/d/pqpIokQd1lQuiYBHz2wnJoKk=
615,-34,DlBUwbZndoXsVy5jJSKNFwniwx4=,/d/pqpIokQd1lQuiYBHz2wnJoKk=
612,-34,DlBUwbZndoXsVy5jJSKNFwniwx4=,/d/pqpIokQd1lQuiYBHz2wnJoKk=
614,-34,DlBUwbZndoXsVy5jJSKNFwniwx4=,/d/pqpIokQd1lQuiYBHz2wnJoKk=
621,-45,DlBUwbZndoXsVy5jJSKNFwniwx4=,/d/pqpIokQd1lQuiYBHz2wnJoKk=
613,-34,DlBUwbZndoXsVy5jJSKNFwniwx4=,/d/pqpIokQd1lQuiYBHz2wnJoKk=
610,-34,DlBUwbZndoXsVy5jJSKNFwniwx4=,/d/pqpIokQd1lQuiYBHz2wnJoKk=
617,-45,DlBUwbZndoXsVy5jJSKNFwniwx4=,/d/pqpIokQd1lQuiYBHz2wnJoKk=
611,-34,DlBUwbZndoXsVy5jJSKNFwniwx4=,/d/pqpIokQd1lQuiYBHz2wnJoKk=
609,-34,DlBUwbZndoXsVy5jJSKNFwniwx4=,/d/pqpIokQd1lQuiYBHz2wnJoKk=
609,-47,DlBUwbZndoXsVy5jJSKNFwniwx4=,/d/pqpIokQd1lQuiYBHz2wnJoKk=
609,-48,DlBUwbZndoXsVy5jJSKNFwniwx4=,/d/pqpIokQd1lQuiYBHz2wnJoKk=
623,-35,DlBUwbZndoXsVy5jJSKNFwniwx4=,/d/pqpIokQd1lQuiYBHz2wnJoKk=
622,-35,DlBUwbZndoXsVy5jJSKNFwniwx4=,/d/pqpIokQd1lQuiYBHz2wnJoKk=
621,-35,DlBUwbZndoXsVy5jJSKNFwniwx4=,/d/pqpIokQd1lQuiYBHz2wnJoKk=
608,-47,DlBUwbZndoXsVy5jJSKNFwniwx4=,/d/pqpIokQd1lQuiYBHz2wnJoKk=
608,-34,DlBUwbZndoXsVy5jJSKNFwniwx4=,/d/pqpIokQd1lQuiYBHz2wnJoKk=
622,-45,DlBUwbZndoXsVy5jJSKNFwniwx4=,/d/pqpIokQd1lQuiYBHz2wnJoKk=
619,-35,DlBUwbZndoXsVy5jJSKNFwniwx4=,/d/pqpIokQd1lQuiYBHz2wnJoKk=
614,-35,DlBUwbZndoXsVy5jJSKNFwniwx4=,/d/pqpIokQd1lQuiYBHz2wnJoKk=
616,-35,DlBUwbZndoXsVy5jJSKNFwniwx4=,/d/pqpIokQd1lQuiYBHz2wnJoKk=
617,-35,DlBUwbZndoXsVy5jJSKNFwniwx4=,/d/pqpIokQd1lQuiYBHz2wnJoKk=
620,-35,DlBUwbZndoXsVy5jJSKNFwniwx4=,/d/pqpIokQd1lQuiYBHz2wnJoKk=
612,-35,DlBUwbZndoXsVy5jJSKNFwniwx4=,/d/pqpIokQd1lQuiYBHz2wnJoKk=
611,-35,DlBUwbZndoXsVy5jJSKNFwniwx4=,/d/pqpIokQd1lQuiYBHz2wnJoKk=
615,-35,DlBUwbZndoXsVy5jJSKNFwniwx4=,/d/pqpIokQd1lQuiYBHz2wnJoKk=
613,-35,DlBUwbZndoXsVy5jJSKNFwniwx4=,/d/pqpIokQd1lQuiYBHz2wnJoKk=
610,-35,DlBUwbZndoXsVy5jJSKNFwniwx4=,/d/pqpIokQd1lQuiYBHz2wnJoKk=
618,-35,DlBUwbZndoXsVy5jJSKNFwniwx4=,/d/pqpIokQd1lQuiYBHz2wnJoKk=
621,-47,DlBUwbZndoXsVy5jJSKNFwniwx4=,/d/pqpIokQd1lQuiYBHz2wnJoKk=
619,-36,DlBUwbZndoXsVy5jJSKNFwniwx4=,/d/pqpIokQd1lQuiYBHz2wnJoKk=
623,-48,DlBUwbZndoXsVy5jJSKNFwniwx4=,/d/pqpIokQd1lQuiYBHz2wnJoKk=
616,-36,DlBUwbZndoXsVy5jJSKNFwniwx4=,/d/pqpIokQd1lQuiYBHz2wnJoKk=
609,-35,DlBUwbZndoXsVy5jJSKNFwniwx4=,/d/pqpIokQd1lQuiYBHz2wnJoKk=
617,-36,DlBUwbZndoXsVy5jJSKNFwniwx4=,/d/pqpIokQd1lQuiYBHz2wnJoKk=
613,-48,DlBUwbZndoXsVy5jJSKNFwniwx4=,/d/pqpIokQd1lQuiYBHz2wnJoKk=
616,-45,DlBUwbZndoXsVy5jJSKNFwniwx4=,/d/pqpIokQd1lQuiYBHz2wnJoKk=
615,-36,DlBUwbZndoXsVy5jJSKNFwniwx4=,/d/pqpIokQd1lQuiYBHz2wnJoKk=
620,-36,DlBUwbZndoXsVy5jJSKNFwniwx4=,/d/pqpIokQd1lQuiYBHz2wnJoKk=
608,-35,DlBUwbZndoXsVy5jJSKNFwniwx4=,/d/pqpIokQd1lQuiYBHz2wnJoKk=
623,-36,DlBUwbZndoXsVy5jJSKNFwniwx4=,/d/pqpIokQd1lQuiYBHz2wnJoKk=
621,-36,DlBUwbZndoXsVy5jJSKNFwniwx4=,/d/pqpIokQd1lQuiYBHz2wnJoKk=
613,-36,DlBUwbZndoXsVy5jJSKNFwniwx4=,/d/pqpIokQd1lQuiYBHz2wnJoKk=
622,-36,DlBUwbZndoXsVy5jJSKNFwniwx4=,/d/pqpIokQd1lQuiYBHz2wnJoKk=
623,-37,DlBUwbZndoXsVy5jJSKNFwniwx4=,/d/pqpIokQd1lQuiYBHz2wnJoKk=
620,-47,DlBUwbZndoXsVy5jJSKNFwniwx4=,/d/pqpIokQd1lQuiYBHz2wnJoKk=
612,-36,DlBUwbZndoXsVy5jJSKNFwniwx4=,/d/pqpIokQd1lQuiYBHz2wnJoKk=
614,-36,DlBUwbZndoXsVy5jJSKNFwniwx4=,/d/pqpIokQd1lQuiYBHz2wnJoKk=
611,-36,DlBUwbZndoXsVy5jJSKNFwniwx4=,/d/pqpIokQd1lQuiYBHz2wnJoKk=
618,-36,DlBUwbZndoXsVy5jJSKNFwniwx4=,/d/pqpIokQd1lQuiYBHz2wnJoKk=
616,-37,DlBUwbZndoXsVy5jJSKNFwniwx4=,/d/pqpIokQd1lQuiYBHz2wnJoKk=
610,-47,DlBUwbZndoXsVy5jJSKNFwniwx4=,/d/pqpIokQd1lQuiYBHz2wnJoKk=
622,-48,DlBUwbZndoXsVy5jJSKNFwniwx4=,/d/pqpIokQd1lQuiYBHz2wnJoKk=
609,-36,DlBUwbZndoXsVy5jJSKNFwniwx4=,/d/pqpIokQd1lQuiYBHz2wnJoKk=
610,-36,DlBUwbZndoXsVy5jJSKNFwniwx4=,/d/pqpIokQd1lQuiYBHz2wnJoKk=
615,-45,DlBUwbZndoXsVy5jJSKNFwniwx4=,/d/pqpIokQd1lQuiYBHz2wnJoKk=
608,-36,DlBUwbZndoXsVy5jJSKNFwniwx4=,/d/pqpIokQd1lQuiYBHz2wnJoKk=
619,-47,DlBUwbZndoXsVy5jJSKNFwniwx4=,/d/pqpIokQd1lQuiYBHz2wnJoKk=
619,-37,DlBUwbZndoXsVy5jJSKNFwniwx4=,/d/pqpIokQd1lQuiYBHz2wnJoKk=
618,-37,DlBUwbZndoXsVy5jJSKNFwniwx4=,/d/pqpIokQd1lQuiYBHz2wnJoKk=
621,-37,DlBUwbZndoXsVy5jJSKNFwniwx4=,/d/pqpIokQd1lQuiYBHz2wnJoKk=
613,-37,DlBUwbZndoXsVy5jJSKNFwniwx4=,/d/pqpIokQd1lQuiYBHz2wnJoKk=
617,-37,DlBUwbZndoXsVy5jJSKNFwniwx4=,/d/pqpIokQd1lQuiYBHz2wnJoKk=
614,-45,DlBUwbZndoXsVy5jJSKNFwniwx4=,/d/pqpIokQd1lQuiYBHz2wnJoKk=
622,-37,DlBUwbZndoXsVy5jJSKNFwniwx4=,/d/pqpIokQd1lQuiYBHz2wnJoKk=
623,-45,DlBUwbZndoXsVy5jJSKNFwniwx4=,/d/pqpIokQd1lQuiYBHz2wnJoKk=
615,-37,DlBUwbZndoXsVy5jJSKNFwniwx4=,/d/pqpIokQd1lQuiYBHz2wnJoKk=
614,-37,DlBUwbZndoXsVy5jJSKNFwniwx4=,/d/pqpIokQd1lQuiYBHz2wnJoKk=
612,-37,DlBUwbZndoXsVy5jJSKNFwniwx4=,/d/pqpIokQd1lQuiYBHz2wnJoKk=
608,-37,DlBUwbZndoXsVy5jJSKNFwniwx4=,/d/pqpIokQd1lQuiYBHz2wnJoKk=
620,-37,DlBUwbZndoXsVy5jJSKNFwniwx4=,/d/pqpIokQd1lQuiYBHz2wnJoKk=
610,-37,DlBUwbZndoXsVy5jJSKNFwniwx4=,/d/pqpIokQd1lQuiYBHz2wnJoKk=
621,-48,DlBUwbZndoXsVy5jJSKNFwniwx4=,/d/pqpIokQd1lQuiYBHz2wnJoKk=
618,-47,DlBUwbZndoXsVy5jJSKNFwniwx4=,/d/pqpIokQd1lQuiYBHz2wnJoKk=
620,-38,DlBUwbZndoXsVy5jJSKNFwniwx4=,/d/pqpIokQd1lQuiYBHz2wnJoKk=
619,-38,DlBUwbZndoXsVy5jJSKNFwniwx4=,/d/pqpIokQd1lQuiYBHz2wnJoKk=
609,-37,DlBUwbZndoXsVy5jJSKNFwniwx4=,/d/pqpIokQd1lQuiYBHz2wnJoKk=
615,-38,DlBUwbZndoXsVy5jJSKNFwniwx4=,/d/pqpIokQd1lQuiYBHz2wnJoKk=
611,-37,DlBUwbZndoXsVy5jJSKNFwniwx4=,/d/pqpIokQd1lQuiYBHz2wnJoKk=
621,-38,DlBUwbZndoXsVy5jJSKNFwniwx4=,/d/pqpIokQd1lQuiYBHz2wnJoKk=
617,-38,DlBUwbZndoXsVy5jJSKNFwniwx4=,/d/pqpIokQd1lQuiYBHz2wnJoKk=
622,-38,DlBUwbZndoXsVy5jJSKNFwniwx4=,/d/pqpIokQd1lQuiYBHz2wnJoKk=
620,-48,DlBUwbZndoXsVy5jJSKNFwniwx4=,/d/pqpIokQd1lQuiYBHz2wnJoKk=
623,-38,DlBUwbZndoXsVy5jJSKNFwniwx4=,/d/pqpIokQd1lQuiYBHz2wnJoKk=
608,-44,DlBUwbZndoXsVy5jJSKNFwniwx4=,/d/pqpIokQd1lQuiYBHz2wnJoKk=
614,-38,DlBUwbZndoXsVy5jJSKNFwniwx4=,/d/pqpIokQd1lQuiYBHz2wnJoKk=
618,-38,DlBUwbZndoXsVy5jJSKNFwniwx4=,/d/pqpIokQd1lQuiYBHz2wnJoKk=
609,-38,DlBUwbZndoXsVy5jJSKNFwniwx4=,/d/pqpIokQd1lQuiYBHz2wnJoKk=
622,-39,DlBUwbZndoXsVy5jJSKNFwniwx4=,/d/pqpIokQd1lQuiYBHz2wnJoKk=
616,-38,DlBUwbZndoXsVy5jJSKNFwniwx4=,/d/pqpIokQd1lQuiYBHz2wnJoKk=
623,-39,DlBUwbZndoXsVy5jJSKNFwniwx4=,/d/pqpIokQd1lQuiYBHz2wnJoKk=
612,-38,DlBUwbZndoXsVy5jJSKNFwniwx4=,/d/pqpIokQd1lQuiYBHz2wnJoKk=
611,-38,DlBUwbZndoXsVy5jJSKNFwniwx4=,/d/pqpIokQd1lQuiYBHz2wnJoKk=
610,-38,DlBUwbZndoXsVy5jJSKNFwniwx4=,/d/pqpIokQd1lQuiYBHz2wnJoKk=
617,-39,DlBUwbZndoXsVy5jJSKNFwniwx4=,/d/pqpIokQd1lQuiYBHz2wnJoKk=
621,-39,DlBUwbZndoXsVy5jJSKNFwniwx4=,/d/pqpIokQd1lQuiYBHz2wnJoKk=
619,-39,DlBUwbZndoXsVy5jJSKNFwniwx4=,/d/pqpIokQd1lQuiYBHz2wnJoKk=
608,-38,DlBUwbZndoXsVy5jJSKNFwniwx4=,/d/pqpIokQd1lQuiYBHz2wnJoKk=
617,-47,DlBUwbZndoXsVy5jJSKNFwniwx4=,/d/pqpIokQd1lQuiYBHz2wnJoKk=
620,-39,DlBUwbZndoXsVy5jJSKNFwniwx4=,/d/pqpIokQd1lQuiYBHz2wnJoKk=
609,-44,DlBUwbZndoXsVy5jJSKNFwniwx4=,/d/pqpIokQd1lQuiYBHz2wnJoKk=
613,-45,DlBUwbZndoXsVy5jJSKNFwniwx4=,/d/pqpIokQd1lQuiYBHz2wnJoKk=
613,-38,DlBUwbZndoXsVy5jJSKNFwniwx4=,/d/pqpIokQd1lQuiYBHz2wnJoKk=
618,-39,DlBUwbZndoXsVy5jJSKNFwniwx4=,/d/pqpIokQd1lQuiYBHz2wnJoKk=
610,-39,DlBUwbZndoXsVy5jJSKNFwniwx4=,/d/pqpIokQd1lQuiYBHz2wnJoKk=
622,-40,DlBUwbZndoXsVy5jJSKNFwniwx4=,/d/pqpIokQd1lQuiYBHz2wnJoKk=
616,-39,DlBUwbZndoXsVy5jJSKNFwniwx4=,/d/pqpIokQd1lQuiYBHz2wnJoKk=
619,-48,DlBUwbZndoXsVy5jJSKNFwniwx4=,/d/pqpIokQd1lQuiYBHz2wnJoKk=
612,-39,DlBUwbZndoXsVy5jJSKNFwniwx4=,/d/pqpIokQd1lQuiYBHz2wnJoKk=
611,-39,DlBUwbZndoXsVy5jJSKNFwniwx4=,/d/pqpIokQd1lQuiYBHz2wnJoKk=
613,-39,DlBUwbZndoXsVy5jJSKNFwniwx4=,/d/pqpIokQd1lQuiYBHz2wnJoKk=
623,-40,DlBUwbZndoXsVy5jJSKNFwniwx4=,/d/pqpIokQd1lQuiYBHz2wnJoKk=
615,-39,DlBUwbZndoXsVy5jJSKNFwniwx4=,/d/pqpIokQd1lQuiYBHz2wnJoKk=
612,-45,DlBUwbZndoXsVy5jJSKNFwniwx4=,/d/pqpIokQd1lQuiYBHz2wnJoKk=
610,-44,DlBUwbZndoXsVy5jJSKNFwniwx4=,/d/pqpIokQd1lQuiYBHz2wnJoKk=
609,-39,DlBUwbZndoXsVy5jJSKNFwniwx4=,/d/pqpIokQd1lQuiYBHz2wnJoKk=
608,-39,DlBUwbZndoXsVy5jJSKNFwniwx4=,/d/pqpIokQd1lQuiYBHz2wnJoKk=
614,-39,DlBUwbZndoXsVy5jJSKNFwniwx4=,/d/pqpIokQd1lQuiYBHz2wnJoKk=
621,-40,DlBUwbZndoXsVy5jJSKNFwniwx4=,/d/pqpIokQd1lQuiYBHz2wnJoKk=
617,-40,DlBUwbZndoXsVy5jJSKNFwniwx4=,/d/pqpIokQd1lQuiYBHz2wnJoKk=
616,-47,DlBUwbZndoXsVy5jJSKNFwniwx4=,/d/pqpIokQd1lQuiYBHz2wnJoKk=
620,-40,DlBUwbZndoXsVy5jJSKNFwniwx4=,/d/pqpIokQd1lQuiYBHz2wnJoKk=
616,-40,DlBUwbZndoXsVy5jJSKNFwniwx4=,/d/pqpIokQd1lQuiYBHz2wnJoKk=
618,-40,DlBUwbZndoXsVy5jJSKNFwniwx4=,/d/pqpIokQd1lQuiYBHz2wnJoKk=
618,-48,DlBUwbZndoXsVy5jJSKNFwniwx4=,/d/pqpIokQd1lQuiYBHz2wnJoKk=
623,-41,DlBUwbZndoXsVy5jJSKNFwniwx4=,/d/pqpIokQd1lQuiYBHz2wnJoKk=
610,-40,DlBUwbZndoXsVy5jJSKNFwniwx4=,/d/pqpIokQd1lQuiYBHz2wnJoKk=
621,-41,DlBUwbZndoXsVy5jJSKNFwniwx4=,/d/pqpIokQd1lQuiYBHz2wnJoKk=
609,-40,DlBUwbZndoXsVy5jJSKNFwniwx4=,/d/pqpIokQd1lQuiYBHz2wnJoKk=
612,-40,DlBUwbZndoXsVy5jJSKNFwniwx4=,/d/pqpIokQd1lQuiYBHz2wnJoKk=
619,-40,DlBUwbZndoXsVy5jJSKNFwniwx4=,/d/pqpIokQd1lQuiYBHz2wnJoKk=
611,-45,DlBUwbZndoXsVy5jJSKNFwniwx4=,/d/pqpIokQd1lQuiYBHz2wnJoKk=
613,-40,DlBUwbZndoXsVy5jJSKNFwniwx4=,/d/pqpIokQd1lQuiYBHz2wnJoKk=
611,-44,DlBUwbZndoXsVy5jJSKNFwniwx4=,/d/pqpIokQd1lQuiYBHz2wnJoKk=
611,-40,DlBUwbZndoXsVy5jJSKNFwniwx4=,/d/pqpIokQd1lQuiYBHz2wnJoKk=
615,-40,DlBUwbZndoXsVy5jJSKNFwniwx4=,/d/pqpIokQd1lQuiYBHz2wnJoKk=
620,-41,DlBUwbZndoXsVy5jJSKNFwniwx4=,/d/pqpIokQd1lQuiYBHz2wnJoKk=
617,-41,DlBUwbZndoXsVy5jJSKNFwniwx4=,/d/pqpIokQd1lQuiYBHz2wnJoKk=
615,-47,DlBUwbZndoXsVy5jJSKNFwniwx4=,/d/pqpIokQd1lQuiYBHz2wnJoKk=
614,-40,DlBUwbZndoXsVy5jJSKNFwniwx4=,/d/pqpIokQd1lQuiYBHz2wnJoKk=
619,-41,DlBUwbZndoXsVy5jJSKNFwniwx4=,/d/pqpIokQd1lQuiYBHz2wnJoKk=
617,-48,DlBUwbZndoXsVy5jJSKNFwniwx4=,/d/pqpIokQd1lQuiYBHz2wnJoKk=
622,-41,DlBUwbZndoXsVy5jJSKNFwniwx4=,/d/pqpIokQd1lQuiYBHz2wnJoKk=
608,-40,DlBUwbZndoXsVy5jJSKNFwniwx4=,/d/pqpIokQd1lQuiYBHz2wnJoKk=
610,-45,DlBUwbZndoXsVy5jJSKNFwniwx4=,/d/pqpIokQd1lQuiYBHz2wnJoKk=
616,-41,DlBUwbZndoXsVy5jJSKNFwniwx4=,/d/pqpIokQd1lQuiYBHz2wnJoKk=
611,-41,DlBUwbZndoXsVy5jJSKNFwniwx4=,/d/pqpIokQd1lQuiYBHz2wnJoKk=
612,-44,DlBUwbZndoXsVy5jJSKNFwniwx4=,/d/pqpIokQd1lQuiYBHz2wnJoKk=
615,-41,DlBUwbZndoXsVy5jJSKNFwniwx4=,/d/pqpIokQd1lQuiYBHz2wnJoKk=
618,-41,DlBUwbZndoXsVy5jJSKNFwniwx4=,/d/pqpIokQd1lQuiYBHz2wnJoKk=
614,-41,DlBUwbZndoXsVy5jJSKNFwniwx4=,/d/pqpIokQd1lQuiYBHz2wnJoKk=
614,-47,DlBUwbZndoXsVy5jJSKNFwniwx4=,/d/pqpIokQd1lQuiYBHz2wnJoKk=
622,-42,DlBUwbZndoXsVy5jJSKNFwniwx4=,/d/pqpIokQd1lQuiYBHz2wnJoKk=
610,-41,DlBUwbZndoXsVy5jJSKNFwniwx4=,/d/pqpIokQd1lQuiYBHz2wnJoKk=
609,-41,DlBUwbZndoXsVy5jJSKNFwniwx4=,/d/pqpIokQd1lQuiYBHz2wnJoKk=
623,-42,DlBUwbZndoXsVy5jJSKNFwniwx4=,/d/pqpIokQd1lQuiYBHz2wnJoKk=
612,-41,DlBUwbZndoXsVy5jJSKNFwniwx4=,/d/pqpIokQd1lQuiYBHz2wnJoKk=
613,-41,DlBUwbZndoXsVy5jJSKNFwniwx4=,/d/pqpIokQd1lQuiYBHz2wnJoKk=
621,-42,DlBUwbZndoXsVy5jJSKNFwniwx4=,/d/pqpIokQd1lQuiYBHz2wnJoKk=
608,-41,DlBUwbZndoXsVy5jJSKNFwniwx4=,/d/pqpIokQd1lQuiYBHz2wnJoKk=
609,-45,DlBUwbZndoXsVy5jJSKNFwniwx4=,/d/pqpIokQd1lQuiYBHz2wnJoKk=
619,-42,DlBUwbZndoXsVy5jJSKNFwniwx4=,/d/pqpIokQd1lQuiYBHz2wnJoKk=
617,-42,DlBUwbZndoXsVy5jJSKNFwniwx4=,/d/pqpIokQd1lQuiYBHz2wnJoKk=
616,-48,DlBUwbZndoXsVy5jJSKNFwniwx4=,/d/pqpIokQd1lQuiYBHz2wnJoKk=
618,-42,DlBUwbZndoXsVy5jJSKNFwniwx4=,/d/pqpIokQd1lQuiYBHz2wnJoKk=
620,-42,DlBUwbZndoXsVy5jJSKNFwniwx4=,/d/pqpIokQd1lQuiYBHz2wnJoKk=
615,-42,DlBUwbZndoXsVy5jJSKNFwniwx4=,/d/pqpIokQd1lQuiYBHz2wnJoKk=
613,-44,DlBUwbZndoXsVy5jJSKNFwniwx4=,/d/pqpIokQd1lQuiYBHz2wnJoKk=
616,-42,DlBUwbZndoXsVy5jJSKNFwniwx4=,/d/pqpIokQd1lQuiYBHz2wnJoKk=
611,-42,DlBUwbZndoXsVy5jJSKNFwniwx4=,/d/pqpIokQd1lQuiYBHz2wnJoKk=
622,-43,DlBUwbZndoXsVy5jJSKNFwniwx4=,/d/pqpIokQd1lQuiYBHz2wnJoKk=
609,-42,DlBUwbZndoXsVy5jJSKNFwniwx4=,/d/pqpIokQd1lQuiYBHz2wnJoKk=
614,-42,DlBUwbZndoXsVy5jJSKNFwniwx4=,/d/pqpIokQd1lQuiYBHz2wnJoKk=
621,-43,DlBUwbZndoXsVy5jJSKNFwniwx4=,/d/pqpIokQd1lQuiYBHz2wnJoKk=
618,-43,DlBUwbZndoXsVy5jJSKNFwniwx4=,/d/pqpIokQd1lQuiYBHz2wnJoKk=
612,-42,DlBUwbZndoXsVy5jJSKNFwniwx4=,/d/pqpIokQd1lQuiYBHz2wnJoKk=
613,-42,DlBUwbZndoXsVy5jJSKNFwniwx4=,/d/pqpIokQd1lQuiYBHz2wnJoKk=
608,-42,DlBUwbZndoXsVy5jJSKNFwniwx4=,/d/pqpIokQd1lQuiYBHz2wnJoKk=
608,-45,DlBUwbZndoXsVy5jJSKNFwniwx4=,/d/pqpIokQd1lQuiYBHz2wnJoKk=
610,-42,DlBUwbZndoXsVy5jJSKNFwniwx4=,/d/pqpIokQd1lQuiYBHz2wnJoKk=
623,-43,DlBUwbZndoXsVy5jJSKNFwniwx4=,/d/pqpIokQd1lQuiYBHz2wnJoKk=
613,-47,DlBUwbZndoXsVy5jJSKNFwniwx4=,/d/pqpIokQd1lQuiYBHz2wnJoKk=
612,-47,DlBUwbZndoXsVy5jJSKNFwniwx4=,/d/pqpIokQd1lQuiYBHz2wnJoKk=
614,-44,DlBUwbZndoXsVy5jJSKNFwniwx4=,/d/pqpIokQd1lQuiYBHz2wnJoKk=
619,-43,DlBUwbZndoXsVy5jJSKNFwniwx4=,/d/pqpIokQd1lQuiYBHz2wnJoKk=
616,-43,DlBUwbZndoXsVy5jJSKNFwniwx4=,/d/pqpIokQd1lQuiYBHz2wnJoKk=
615,-48,DlBUwbZndoXsVy5jJSKNFwniwx4=,/d/pqpIokQd1lQuiYBHz2wnJoKk=
617,-43,DlBUwbZndoXsVy5jJSKNFwniwx4=,/d/pqpIokQd1lQuiYBHz2wnJoKk=
609,-43,DlBUwbZndoXsVy5jJSKNFwniwx4=,/d/pqpIokQd1lQuiYBHz2wnJoKk=
620,-43,DlBUwbZndoXsVy5jJSKNFwniwx4=,/d/pqpIokQd1lQuiYBHz2wnJoKk=
615,-43,DlBUwbZndoXsVy5jJSKNFwniwx4=,/d/pqpIokQd1lQuiYBHz2wnJoKk=
614,-43,DlBUwbZndoXsVy5jJSKNFwniwx4=,/d/pqpIokQd1lQuiYBHz2wnJoKk=
610,-43,DlBUwbZndoXsVy5jJSKNFwniwx4=,/d/pqpIokQd1lQuiYBHz2wnJoKk=
612,-43,DlBUwbZndoXsVy5jJSKNFwniwx4=,/d/pqpIokQd1lQuiYBHz2wnJoKk=
611,-43,DlBUwbZndoXsVy5jJSKNFwniwx4=,/d/pqpIokQd1lQuiYBHz2wnJoKk=
613,-43,DlBUwbZndoXsVy5jJSKNFwniwx4=,/d/pqpIokQd1lQuiYBHz2wnJoKk=
608,-48,DlBUwbZndoXsVy5jJSKNFwniwx4=,/d/pqpIokQd1lQuiYBHz2wnJoKk=
611,-47,DlBUwbZndoXsVy5jJSKNFwniwx4=,/d/pqpIokQd1lQuiYBHz2wnJoKk=
617,-44,DlBUwbZndoXsVy5jJSKNFwniwx4=,/d/pqpIokQd1lQuiYBHz2wnJoKk=
608,-43,DlBUwbZndoXsVy5jJSKNFwniwx4=,/d/pqpIokQd1lQuiYBHz2wnJoKk=
621,-44,DlBUwbZndoXsVy5jJSKNFwniwx4=,/d/pqpIokQd1lQuiYBHz2wnJoKk=
623,-44,DlBUwbZndoXsVy5jJSKNFwniwx4=,/d/pqpIokQd1lQuiYBHz2wnJoKk=
620,-44,DlBUwbZndoXsVy5jJSKNFwniwx4=,/d/pqpIokQd1lQuiYBHz2wnJoKk=
622,-44,DlBUwbZndoXsVy5jJSKNFwniwx4=,/d/pqpIokQd1lQuiYBHz2wnJoKk=
615,-44,DlBUwbZndoXsVy5jJSKNFwniwx4=,/d/pqpIokQd1lQuiYBHz2wnJoKk=
623,-46,DlBUwbZndoXsVy5jJSKNFwniwx4=,/d/pqpIokQd1lQuiYBHz2wnJoKk=
619,-44,DlBUwbZndoXsVy5jJSKNFwniwx4=,/d/pqpIokQd1lQuiYBHz2wnJoKk=
616,-44,DlBUwbZndoXsVy5jJSKNFwniwx4=,/d/pqpIokQd1lQuiYBHz2wnJoKk=
614,-48,DlBUwbZndoXsVy5jJSKNFwniwx4=,/d/pqpIokQd1lQuiYBHz2wnJoKk=
618,-44,DlBUwbZndoXsVy5jJSKNFwniwx4=,/d/pqpIokQd1lQuiYBHz2wnJoKk=
